InternalClassType: Method
Coordinate3D: [9.4500000000000011,-1.6500000000000001,0]
Origin: 68cce921-b187-405f-8d16-254bc5725b25
RandomSeed: 420
UUID: 036127aa-3c3e-4446-8b2d-4e1c6b555525
$SequenceNumber: 7
