InternalClassType: Method
Coordinate3D: [26.400000000000002,-1.6500000000000001,0]
Origin: 38ef5d94-c891-41b4-87d0-d9853a08512f
RandomSeed: 416
UUID: 5f8c97cb-b5a6-46f3-9877-87b1aa6defd9
$SequenceNumber: 11
